[22]
[30]
[31]
[19]
[16]
[24]
[42]
[112]
[117]
[46]
[45]
[22]
[20]
[41]
[58]
[183]
[63]
[58]
[20]
[65]
[60]
[84]
[127]
[120]
[78]
[46]
[60]
[59]
[159]
[116]
[160]
[145]
[116]
[119]
[147]
[132]
[135]
[151]
[109]
[65]
[97]
[163]
[115]
[273]
[188]
[179]
[69]
[105]
[91]
[147]
[173]
[138]
[142]
[55]
[115]
[159]
[109]
[176]
[186]
[173]
[103]
[119]
[150]
[248]
[196]
[216]
[159]
[183]
[140]
[155]
[445]
[191]
[276]
[261]
[230]
[189]
[375]
[491]
[595]
[561]
[438]
[328]
[485]
[657]
[600]
[704]
[774]
[800]
[502]
[490]
[1422]
[1325]
[1550]
[1729]
[1468]
[1129]
[1526]
[2143]
[2109]
[3012]
[2697]
[2300]
[1544]
[2298]
[2436]
[3264]
[3297]
[3815]
[3362]
[2223]
[2763]
[3082]
[3564]
[3605]
[3578]
[2792]
[1966]
[3124]
[2972]
[3753]
[3468]
[3567]
[2956]
[2540]
[2194]
[2660]
[3980]
[3418]
[3498]
[2617]
[2003]
[2535]
[2782]
[3581]
[3708]
[3607]
[3444]
[2550]
[3145]
[2427]
[4197]
[3883]
[5098]
[4092]
[2829]
[3320]
[3817]
[4402]
[4211]
[3834]
